	PingPong			
t	x	vx	ax	
3,100	7,027E-30		
3,133	6,985E-30	-1,333E-30	
3,167	6,938E-30	-1,215E-30	9,442E-30
3,200	6,904E-30	-6,886E-31	2,432E-29
3,233	6,892E-30	3,730E-31	2,685E-29
3,267	6,929E-30	1,239E-30	1,690E-29
3,300	6,975E-30	1,431E-30	-1,200E-30
3,333	7,024E-30	1,193E-30	-1,460E-29
3,367	7,054E-30	4,365E-31	-2,905E-29
3,400	7,053E-30	-7,372E-31	-3,413E-29
3,433	7,005E-30	-1,906E-30	-2,162E-29
3,467	6,926E-30	-2,231E-30	6,852E-30
3,500	6,857E-30	-1,436E-30	3,559E-29
3,533	6,831E-30	1,726E-31	4,517E-29
3,567	6,868E-30	1,675E-30	3,116E-29
3,600	6,942E-30	2,265E-30	3,228E-30
3,633	7,019E-30	1,884E-30	-2,292E-29
3,667	7,068E-30	7,179E-31	-4,047E-29
3,700	7,067E-30	-8,492E-31	-3,921E-29
3,733	7,011E-30	-1,981E-30	-1,943E-29
3,767	6,935E-30	-2,137E-30	9,390E-30
3,800	6,869E-30	-1,357E-30	3,345E-29
3,833	6,844E-30	1,283E-31	4,244E-29
3,867	6,877E-30	1,548E-30	3,093E-29
3,900	6,948E-30	2,214E-30	8,099E-30
3,933	7,025E-30	2,072E-30	-2,014E-29
3,967	7,086E-30	9,161E-31	-4,415E-29
4,000	7,086E-30	-9,587E-31	-4,996E-29
4,033	7,022E-30	-2,480E-30	-2,704E-29
4,067	6,921E-30	-2,815E-30	1,352E-29
4,100	6,834E-30	-1,580E-30	4,850E-29
4,133	6,815E-30	5,201E-31	5,658E-29
4,167	6,869E-30	2,265E-30	3,334E-29
4,200	6,966E-30	2,793E-30	-3,456E-30
4,233	7,055E-30	1,999E-30	-3,226E-29
4,267	7,100E-30	5,779E-31	-4,642E-29
4,300	7,094E-30	-1,086E-30	-4,155E-29
4,333	7,027E-30	-2,301E-30	-2,374E-29
4,367	6,940E-30	-2,623E-30	6,766E-30
4,400	6,852E-30	-1,915E-30	3,834E-29
4,433	6,813E-30	-2,398E-32	5,439E-29
4,467	6,851E-30	1,841E-30	3,723E-29
4,500	6,935E-30	2,498E-30	1,834E-30
4,533	7,017E-30	1,926E-30	-2,630E-29
4,567	7,064E-30	6,995E-31	-4,200E-29
4,600	7,064E-30	-8,727E-31	-4,084E-29
4,633	7,006E-30	-2,120E-30	-2,067E-29
4,667	6,922E-30	-2,265E-30	1,227E-29
4,700	6,855E-30	-1,290E-30	3,741E-29
4,733	6,836E-30	2,904E-31	4,585E-29
4,767	6,874E-30	1,801E-30	3,093E-29
4,800	6,957E-30	2,433E-30	-1,171E-30
4,833	7,036E-30	1,711E-30	-3,295E-29
4,867	7,071E-30	1,724E-31	-4,655E-29
4,900	7,048E-30	-1,435E-30	-3,958E-29
4,933	6,975E-30	-2,510E-30	-1,149E-29
4,967	6,880E-30	-2,269E-30	2,770E-29
5,000	6,824E-30	-6,104E-31	5,519E-29
5,033	6,840E-30	1,495E-30	4,892E-29
5,067	6,923E-30	2,751E-30	1,770E-29
5,100	7,023E-30	2,648E-30	-2,046E-29
5,133	7,100E-30	1,385E-30	-4,632E-29
5,167	7,115E-30	-5,134E-31	-5,155E-29
5,200	7,066E-30	-2,111E-30	-3,526E-29
5,233	6,975E-30	-2,880E-30	-6,866E-30
5,267	6,874E-30	-2,587E-30	2,459E-29
5,300	6,802E-30	-1,224E-30	4,979E-29
5,333	6,792E-30	7,780E-31	5,371E-29
5,367	6,854E-30	2,450E-30	3,235E-29
5,400	6,955E-30	2,960E-30	-3,355E-30
5,433	7,051E-30	2,214E-30	-3,193E-29
5,467	7,103E-30	7,644E-31	-5,192E-29
5,500	7,102E-30	-1,207E-30	-5,154E-29
5,533	7,023E-30	-2,836E-30	-2,819E-29
5,567	6,913E-30	-3,072E-30	1,402E-29
5,600	6,818E-30	-1,915E-30	4,805E-29
5,633	6,786E-30	2,063E-31	6,099E-29
5,667	6,831E-30	2,227E-30	4,393E-29
5,700	6,934E-30	3,194E-30	8,138E-30
5,733	7,044E-30	2,760E-30	-3,040E-29
5,767	7,118E-30	1,146E-30	-5,452E-29
5,800	7,121E-30	-9,525E-31	-5,661E-29
5,833	7,055E-30	-2,674E-30	-3,286E-29
5,867	6,943E-30	-3,213E-30	6,724E-30
5,900	6,840E-30	-2,207E-30	4,427E-29
5,933	6,795E-30	-2,019E-31	6,054E-29
5,967	6,827E-30	1,898E-30	4,751E-29
6,000	6,922E-30	3,045E-30	1,277E-29
6,033	7,030E-30	2,741E-30	-2,660E-29
6,067	7,105E-30	1,243E-30	-5,170E-29
6,100	7,113E-30	-7,733E-31	-5,785E-29
6,133	7,053E-30	-2,641E-30	-3,507E-29
6,167	6,937E-30	-3,243E-30	6,622E-30
6,200	6,837E-30	-2,132E-30	4,673E-29
6,233	6,795E-30	-8,455E-32	6,363E-29
6,267	6,831E-30	2,171E-30	4,860E-29
6,300	6,939E-30	3,287E-30	8,820E-30
6,333	7,050E-30	2,707E-30	-3,072E-29
6,367	7,120E-30	1,184E-30	-5,404E-29
6,400	7,129E-30	-8,951E-31	-5,878E-29
6,433	7,060E-30	-2,835E-30	-3,628E-29
6,467	6,940E-30	-3,392E-30	7,889E-30
6,500	6,834E-30	-2,273E-30	4,712E-29
6,533	6,789E-30	-1,854E-31	6,289E-29
6,567	6,822E-30	1,982E-30	4,817E-29
6,600	6,921E-30	3,122E-30	1,053E-29
6,633	7,030E-30	2,669E-30	-2,731E-29
6,667	7,099E-30	1,230E-30	-4,891E-29
6,700	7,112E-30	-6,046E-31	-5,208E-29
6,733	7,059E-30	-2,305E-30	-3,388E-29
6,767	6,958E-30	-2,934E-30	1,990E-30
6,800	6,863E-30	-2,150E-30	4,053E-29
6,833	6,815E-30	-2,168E-31	6,017E-29
6,867	6,848E-30	1,974E-30	4,768E-29
6,900	6,946E-30	3,046E-30	6,608E-30
6,933	7,052E-30	2,414E-30	-3,122E-29
6,967	7,107E-30	8,544E-31	-5,513E-29
7,000	7,109E-30	-1,210E-30	-4,995E-29
7,033	7,027E-30	-2,683E-30	-2,193E-29
7,067	6,930E-30	-2,602E-30	1,663E-29
7,100	6,853E-30	-1,560E-30	3,984E-29
7,133	6,826E-30	9,007E-32	4,680E-29
7,167	6,859E-30	1,626E-30	3,158E-29
7,200	6,934E-30	2,243E-30	3,410E-30
7,233	7,009E-30	1,823E-30	-2,306E-29
7,267	7,056E-30	6,906E-31	-3,849E-29
7,300	7,055E-30	-7,811E-31	-4,115E-29
7,333	7,004E-30	-2,087E-30	-2,588E-29
7,367	6,916E-30	-2,566E-30	4,395E-30
7,400	6,832E-30	-1,795E-30	3,601E-29
7,433	6,796E-30	-1,157E-31	5,181E-29
7,467	6,825E-30	1,717E-30	4,287E-29
7,500	6,910E-30	2,812E-30	1,507E-29
7,533	7,012E-30	2,717E-30	-2,201E-29
7,567	7,092E-30	1,360E-30	-5,220E-29
7,600	7,103E-30	-8,384E-31	-6,300E-29
7,633	7,036E-30	-2,904E-30	-4,369E-29
7,667	6,909E-30	-3,831E-30	3,598E-30
7,700	6,780E-30	-2,713E-30	5,148E-29
7,733	6,728E-30	-2,495E-31	7,319E-29
7,767	6,764E-30	2,210E-30	5,442E-29
7,800	6,876E-30	3,501E-30	1,437E-29
7,833	6,997E-30	3,117E-30	-2,915E-29
7,867	7,084E-30	1,539E-30	-5,459E-29
7,900	7,100E-30	-5,952E-31	-6,170E-29
7,933	7,044E-30	-2,599E-30	-3,973E-29
7,967	6,926E-30	-3,376E-30	2,130E-30
8,000	6,819E-30	-2,401E-30	4,560E-29
8,033	6,766E-30	-3,022E-31	6,456E-29
8,067	6,799E-30	2,002E-30	4,982E-29
8,100	6,900E-30	3,120E-30	1,062E-29
8,133	7,007E-30	2,664E-30	-3,047E-29
8,167	7,077E-30	1,071E-30	-5,422E-29
8,200	7,078E-30	-1,024E-30	-5,819E-29
8,233	7,009E-30	-2,845E-30	-3,001E-29
8,267	6,888E-30	-3,164E-30	1,809E-29
8,300	6,798E-30	-1,561E-30	5,741E-29
8,333	6,784E-30	7,572E-31	6,223E-29
8,367	6,849E-30	2,656E-30	3,662E-29
8,400	6,961E-30	3,256E-30	-4,188E-30
8,433	7,066E-30	2,349E-30	-4,269E-29
8,467	7,118E-30	3,756E-31	-6,121E-29
8,500	7,091E-30	-1,817E-30	-5,038E-29
8,533	6,997E-30	-3,064E-30	-1,521E-29
8,567	6,887E-30	-2,827E-30	2,713E-29
8,600	6,808E-30	-1,240E-30	5,434E-29
8,633	6,804E-30	8,953E-31	5,513E-29
8,667	6,868E-30	2,491E-30	3,063E-29
8,700	6,970E-30	2,965E-30	-4,272E-30
8,733	7,066E-30	2,196E-30	-3,879E-29
8,767	7,116E-30	3,632E-31	-5,666E-29
8,800	7,090E-30	-1,687E-30	-4,833E-29
8,833	7,004E-30	-2,903E-30	-1,473E-29
8,867	6,896E-30	-2,707E-30	2,606E-29
8,900	6,823E-30	-1,124E-30	5,296E-29
8,933	6,821E-30	9,148E-31	5,185E-29
8,967	6,884E-30	2,387E-30	2,519E-29
9,000	6,981E-30	2,633E-30	-1,054E-29
9,033	7,060E-30	1,646E-30	-4,015E-29
9,067	7,090E-30	-7,577E-32	-5,308E-29
9,100	7,055E-30	-1,944E-30	-4,357E-29
9,133	6,961E-30	-3,058E-30	-8,662E-30
9,167	6,851E-30	-2,566E-30	3,509E-29
9,200	6,790E-30	-6,485E-31	5,961E-29
9,233	6,808E-30	1,507E-30	5,129E-29
9,267	6,890E-30	2,825E-30	1,669E-29
9,300	6,996E-30	2,658E-30	-2,549E-29
9,333	7,067E-30	1,078E-30	-5,137E-29
9,367	7,068E-30	-8,677E-31	-5,224E-29
9,400	7,010E-30	-2,413E-30	-2,968E-29
9,433	6,907E-30	-2,928E-30	6,437E-30
9,467	6,814E-30	-1,966E-30	4,103E-29
9,500	6,776E-30	-1,253E-31	5,661E-29
9,533	6,806E-30	1,848E-30	4,017E-29
9,567	6,899E-30	2,694E-30	7,576E-30
9,600	6,986E-30	2,237E-30	-2,353E-29
9,633	7,048E-30	1,145E-30	-3,997E-29
9,667	7,062E-30	-4,649E-31	-4,998E-29
9,700	7,017E-30	-2,205E-30	-3,947E-29
9,733	6,915E-30	-3,203E-30	-4,589E-30
9,767	6,804E-30	-2,536E-30	3,885E-29
9,800	6,746E-30	-5,393E-31	6,488E-29
9,833	6,768E-30	1,850E-30	5,511E-29
9,867	6,869E-30	3,269E-30	1,759E-29
9,900	6,986E-30	2,993E-30	-2,516E-29
9,933	7,069E-30	1,547E-30	-5,126E-29
9,967	7,089E-30	-4,664E-31	-5,721E-29
10,000	7,038E-30	-2,328E-30	-4,138E-29
10,033	6,934E-30	-3,273E-30	-2,144E-30
10,067	6,819E-30	-2,533E-30	3,916E-29
10,100	6,765E-30	-5,393E-31	6,306E-29
10,133	6,783E-30	1,693E-30	5,088E-29
10,167	6,878E-30	2,998E-30	1,590E-29
10,200	6,983E-30	2,703E-30	-2,416E-29
10,233	7,058E-30	1,358E-30	-4,805E-29
10,267	7,074E-30	-5,418E-31	-5,438E-29
10,300	7,022E-30	-2,321E-30	-3,661E-29
10,333	6,919E-30	-3,060E-30	8,851E-32
10,367	6,818E-30	-2,303E-30	3,759E-29
10,400	6,766E-30	-5,016E-31	5,770E-29
10,433	6,785E-30	1,598E-30	5,078E-29
10,467	6,872E-30	2,975E-30	1,872E-29
10,500	6,983E-30	2,864E-30	-2,023E-29
10,533	7,063E-30	1,566E-30	-4,966E-29
10,567	7,087E-30	-4,526E-31	-5,843E-29
10,600	7,033E-30	-2,432E-30	-4,033E-29
10,633	6,925E-30	-3,206E-30	-1,718E-30
10,667	6,819E-30	-2,518E-30	3,994E-29
10,700	6,757E-30	-5,457E-31	6,328E-29
10,733	6,783E-30	1,829E-30	5,292E-29
10,767	6,879E-30	3,073E-30	1,228E-29
10,800	6,988E-30	2,636E-30	-2,740E-29
10,833	7,055E-30	1,166E-30	-5,033E-29
10,867	7,065E-30	-7,265E-31	-5,301E-29
10,900	7,006E-30	-2,446E-30	-3,262E-29
10,933	6,902E-30	-2,969E-30	7,522E-30
10,967	6,809E-30	-1,929E-30	4,609E-29
11,000	6,774E-30	1,608E-31	6,003E-29
11,033	6,819E-30	2,176E-30	4,332E-29
11,067	6,919E-30	3,092E-30	6,285E-30
11,100	7,025E-30	2,596E-30	-2,954E-29
11,133	7,092E-30	1,067E-30	-5,232E-29
11,167	7,097E-30	-9,182E-31	-5,482E-29
11,200	7,031E-30	-2,660E-30	-2,943E-29
11,233	6,919E-30	-2,976E-30	1,387E-29
11,267	6,832E-30	-1,668E-30	4,838E-29
11,300	6,808E-30	3,172E-31	5,351E-29
11,333	6,853E-30	1,975E-30	3,415E-29
11,367	6,940E-30	2,617E-30	5,756E-32
11,400	7,028E-30	1,992E-30	-2,922E-29
11,433	7,072E-30	5,867E-31	-4,808E-29
11,467	7,067E-30	-1,190E-30	-4,716E-29
11,500	6,993E-30	-2,676E-30	-2,357E-29
11,533	6,889E-30	-2,796E-30	1,515E-29
11,567	6,807E-30	-1,621E-30	4,795E-29
11,600	6,780E-30	4,174E-31	5,931E-29
11,633	6,835E-30	2,441E-30	4,115E-29
11,667	6,943E-30	3,227E-30	2,238E-30
11,700	7,050E-30	2,555E-30	-3,622E-29
11,733	7,114E-30	7,951E-31	-6,139E-29
11,767	7,103E-30	-1,586E-30	-5,973E-29
11,800	7,008E-30	-3,319E-30	-2,675E-29
11,833	6,881E-30	-3,383E-30	2,115E-29
11,867	6,782E-30	-1,881E-30	5,835E-29
11,900	6,756E-30	5,673E-31	6,821E-29
11,933	6,820E-30	2,775E-30	4,219E-29
11,967	6,941E-30	3,455E-30	-4,856E-30
12,000	7,050E-30	2,405E-30	-4,112E-29
12,033	7,101E-30	6,186E-31	-5,840E-29
12,067	7,092E-30	-1,457E-30	-5,476E-29
12,100	7,004E-30	-3,158E-30	-2,503E-29
12,133	6,881E-30	-3,186E-30	2,552E-29
12,167	6,792E-30	-1,415E-30	6,032E-29
12,200	6,787E-30	9,637E-31	6,153E-29
12,233	6,856E-30	2,733E-30	3,146E-29
12,267	6,969E-30	3,125E-30	-9,456E-30
12,300	7,064E-30	2,051E-30	-4,374E-29
12,333	7,106E-30	1,663E-31	-5,885E-29
12,367	7,076E-30	-1,917E-30	-4,693E-29
12,400	6,978E-30	-3,078E-30	-1,249E-29
12,433	6,870E-30	-2,720E-30	2,876E-29
12,467	6,797E-30	-1,147E-30	5,645E-29
12,500	6,794E-30	1,107E-30	5,452E-29
12,533	6,870E-30	2,626E-30	2,522E-29
12,567	6,969E-30	2,745E-30	-1,187E-29
12,600	7,053E-30	1,826E-30	-3,769E-29
12,633	7,091E-30	1,944E-31	-5,320E-29
12,667	7,066E-30	-1,742E-30	-4,422E-29
12,700	6,975E-30	-2,889E-30	-1,458E-29
12,733	6,874E-30	-2,662E-30	2,721E-29
12,767	6,797E-30	-1,118E-30	5,907E-29
12,800	6,799E-30	1,372E-30	5,759E-29
12,833	6,889E-30	2,898E-30	2,196E-29
12,867	6,992E-30	2,759E-30	-1,769E-29
12,900	7,073E-30	1,690E-30	-4,213E-29
12,933	7,105E-30	-5,703E-32	-5,281E-29
12,967	7,069E-30	-1,905E-30	-4,295E-29
13,000	6,978E-30	-2,972E-30	-1,061E-29
13,033	6,871E-30	-2,648E-30	3,035E-29
13,067	6,802E-30	-9,151E-31	5,942E-29
13,100	6,810E-30	1,399E-30	5,503E-29
13,133	6,895E-30	2,872E-30	1,960E-29
13,167	7,001E-30	2,702E-30	-1,886E-29
13,200	7,075E-30	1,527E-30	-4,305E-29
13,233	7,103E-30	-1,523E-31	-5,221E-29
13,267	7,065E-30	-2,016E-30	-4,280E-29
13,300	6,969E-30	-3,084E-30	-6,397E-30
13,333	6,859E-30	-2,488E-30	3,439E-29
13,367	6,803E-30	-6,805E-31	5,856E-29
13,400	6,814E-30	1,435E-30	4,875E-29
13,433	6,898E-30	2,714E-30	1,514E-29
13,467	6,995E-30	2,407E-30	-2,157E-29
13,500	7,059E-30	1,214E-30	-4,004E-29
13,533	7,076E-30	-2,830E-31	-4,771E-29
13,567	7,040E-30	-1,963E-30	-3,617E-29
13,600	6,945E-30	-2,839E-30	-1,647E-30
13,633	6,851E-30	-2,051E-30	3,643E-29
13,667	6,808E-30	-3,283E-31	5,262E-29
13,700	6,829E-30	1,494E-30	4,046E-29
13,733	6,908E-30	2,468E-30	1,152E-29
13,767	6,993E-30	2,217E-30	-1,936E-29
13,800	7,055E-30	1,162E-30	-3,787E-29
13,833	7,071E-30	-3,432E-31	-4,612E-29
13,867	7,033E-30	-1,930E-30	-3,304E-29
13,900	6,942E-30	-2,663E-30	-4,822E-30
13,933	6,855E-30	-2,186E-30	3,106E-29
13,967	6,796E-30	-6,378E-31	5,344E-29
14,000	6,813E-30	1,493E-30	
14,033	6,896E-30		
