	pingpong				
t	x	y	vx	vy	
0,000	0,178	7,662E-2		
0,033	0,179	7,763E-2	9,127E-3	7,099E-3
0,067	0,179	7,709E-2	9,127E-3	-2,637E-2
0,100	0,179	7,587E-2	1,217E-2	-5,476E-2
0,133	0,180	7,344E-2	9,127E-3	-7,200E-2
0,166	0,180	7,108E-2	4,057E-3	-6,795E-2
0,200	0,180	6,892E-2	4,057E-3	-4,462E-2
0,233	0,180	6,811E-2	-4,822E-3	-7,401E-3
0,266	0,180	6,843E-2	-1,425E-2	3,288E-2
0,300	0,179	7,030E-2	-7,666E-3	6,516E-2
0,333	0,179	7,276E-2	1,278E-3	6,516E-2
0,366	0,179	7,464E-2	1,150E-2	5,366E-2
0,400	0,180	7,634E-2	8,944E-3	3,705E-2
0,433	0,180	7,710E-2	2,555E-3	6,389E-3
0,466	0,180	7,676E-2	-8,944E-3	-2,555E-2
0,499	0,179	7,540E-2	-1,533E-2	-4,344E-2
0,533	0,179	7,387E-2	-6,389E-3	-5,750E-2
0,566	0,179	7,157E-2	-2,555E-3	-5,622E-2
0,599	0,179	7,013E-2	1,661E-2	-3,450E-2
0,633	0,180	6,928E-2	2,939E-2	-2,555E-3
0,666	0,181	6,996E-2	1,533E-2	2,939E-2
0,699	0,181	7,123E-2	1,278E-3	4,728E-2
0,732	0,181	7,310E-2	-8,944E-3	5,622E-2
0,766	0,180	7,498E-2	-1,533E-2	5,239E-2
0,799	0,180	7,659E-2	-2,044E-2	2,428E-2
0,832	0,179	7,659E-2	-1,658E-2	-3,827E-3
0,866	0,179	7,634E-2	-8,929E-3	-2,424E-2
0,899	0,179	7,498E-2	-5,111E-3	-4,600E-2
0,932	0,179	7,327E-2	5,111E-3	-5,239E-2
0,965	0,179	7,149E-2	1,405E-2	-4,855E-2
0,999	0,179	7,004E-2	1,917E-2	-2,939E-2
1,032	0,180	6,953E-2	1,661E-2	-1,150E-2
1,065	0,181	6,928E-2	2,555E-3	2,172E-2
1,099	0,180	7,098E-2	-8,944E-3	4,472E-2
1,132	0,180	7,225E-2	-1,405E-2	4,472E-2
1,165	0,179	7,396E-2	-1,789E-2	4,472E-2
1,199	0,179	7,523E-2	-1,917E-2	3,705E-2
1,232	0,178	7,642E-2	-1,278E-2	2,044E-2
1,265	0,178	7,659E-2	5,111E-3	-3,833E-3
1,298	0,178	7,617E-2	1,278E-2	-2,428E-2
1,332	0,179	7,498E-2	1,278E-2	-4,472E-2
1,365	0,179	7,319E-2	1,789E-2	-5,366E-2
1,398	0,180	7,140E-2	1,405E-2	-5,239E-2
1,432	0,180	6,970E-2	2,555E-3	-3,450E-2
1,465	0,180	6,911E-2	-7,666E-3	-5,111E-3
1,498	0,180	6,936E-2	-1,403E-2	1,148E-2
1,531	0,179	6,987E-2	-1,658E-2	3,189E-2
1,565	0,179	7,149E-2	-1,917E-2	5,750E-2
1,598	0,178	7,370E-2	-1,533E-2	5,877E-2
1,631	0,178	7,540E-2	1,278E-3	4,600E-2
1,665	0,178	7,676E-2	1,278E-2	2,044E-2
1,698	0,178	7,676E-2	1,789E-2	-1,278E-2
1,731	0,179	7,591E-2	1,789E-2	-2,939E-2
1,765	0,180	7,481E-2	1,533E-2	-4,600E-2
1,798	0,180	7,285E-2	1,022E-2	-5,366E-2
1,831	0,180	7,123E-2	1,278E-3	-4,344E-2
1,864	0,180	6,996E-2	-1,150E-2	-2,428E-2
1,898	0,180	6,962E-2	-2,811E-2	1,533E-2
1,931	0,178	7,098E-2	-2,683E-2	4,600E-2
1,964	0,178	7,268E-2	-1,022E-2	5,111E-2
1,998	0,178	7,438E-2	3,833E-3	4,344E-2
2,031	0,178	7,557E-2	1,533E-2	3,322E-2
2,064	0,179	7,659E-2	2,044E-2	2,811E-2
2,097	0,179	7,744E-2	1,661E-2	0,000
2,131	0,180	7,659E-2	1,278E-2	-4,983E-2
2,164	0,180	7,413E-2	0,000	-6,644E-2
2,197	0,180	7,217E-2	-3,833E-3	-5,494E-2
2,231	0,180	7,047E-2	1,278E-3	-3,705E-2
2,264	0,180	6,970E-2	-7,666E-3	-1,405E-2
2,297	0,179	6,953E-2	-1,278E-2	1,278E-3
2,330	0,179	6,979E-2	-3,833E-3	2,044E-2
2,364	0,179	7,089E-2	5,111E-3	4,983E-2
2,397	0,179	7,310E-2	5,111E-3	5,622E-2
2,430	0,180	7,464E-2	3,833E-3	4,472E-2
2,464	0,180	7,608E-2	1,278E-3	1,789E-2
2,497	0,180	7,583E-2	-3,833E-3	-1,917E-2
2,530	0,179	7,481E-2	-8,944E-3	-2,939E-2
2,564	0,179	7,387E-2	-1,278E-2	-3,322E-2
2,597	0,179	7,259E-2	-8,929E-3	-4,209E-2
2,630	0,178	7,106E-2	0,000	-3,572E-2
2,663	0,179	7,021E-2	8,944E-3	-1,533E-2
2,697	0,179	7,004E-2	1,661E-2	5,111E-3
2,730	0,180	7,055E-2	5,111E-3	3,578E-2
2,763	0,179	7,242E-2	-8,944E-3	6,389E-2
2,797	0,179	7,481E-2	-1,661E-2	5,366E-2
2,830	0,178	7,600E-2	-2,811E-2	4,216E-2
2,863	0,177	7,761E-2	-2,811E-2	3,833E-2
2,896	0,176	7,855E-2	-1,405E-2	1,405E-2
2,930	0,176	7,855E-2	7,666E-3	-2,939E-2
2,963	0,177	7,659E-2	2,811E-2	-6,389E-2
2,996	0,178	7,430E-2	4,216E-2	-7,411E-2
3,030	0,180	7,166E-2	4,344E-2	-6,261E-2
3,063	0,181	7,013E-2	3,067E-2	-4,472E-2
3,096	0,182	6,868E-2	-1,278E-3	-2,300E-2
3,130	0,181	6,860E-2	-2,939E-2	1,661E-2
3,163	0,180	6,979E-2	-3,705E-2	4,855E-2
3,196	0,179	7,183E-2	-3,961E-2	6,644E-2
3,229	0,177	7,421E-2	-2,939E-2	6,389E-2
3,263	0,177	7,608E-2	-5,102E-3	3,827E-2
3,296	0,177	7,676E-2	2,041E-2	1,403E-2
3,329	0,178	7,702E-2	3,450E-2	-1,150E-2
3,363	0,179	7,600E-2	3,322E-2	-4,216E-2
3,396	0,180	7,421E-2	2,939E-2	-6,005E-2
3,429	0,181	7,200E-2	2,555E-2	-6,516E-2
3,462	0,182	6,987E-2	2,555E-3	-4,344E-2
3,496	0,181	6,911E-2	-2,044E-2	-6,389E-3
3,529	0,180	6,945E-2	-2,811E-2	2,683E-2
3,562	0,179	7,089E-2	-2,939E-2	5,622E-2
3,596	0,179	7,319E-2	-1,405E-2	7,539E-2
3,629	0,178	7,591E-2	5,111E-3	6,389E-2
3,662	0,179	7,744E-2	1,917E-2	3,322E-2
3,695	0,180	7,812E-2	2,172E-2	-6,389E-3
3,729	0,180	7,702E-2	1,661E-2	-4,344E-2
3,762	0,181	7,523E-2	8,944E-3	-5,750E-2
3,795	0,181	7,319E-2	-1,278E-3	-5,366E-2
3,829	0,181	7,166E-2	-1,405E-2	-3,578E-2
3,862	0,180	7,081E-2	-2,300E-2	-2,044E-2
3,895	0,179	7,030E-2	-2,555E-2	8,944E-3
3,929	0,178	7,140E-2	-2,172E-2	3,450E-2
3,962	0,178	7,259E-2	-5,111E-3	4,983E-2
3,995	0,178	7,472E-2	1,533E-2	5,111E-2
4,028	0,179	7,600E-2	3,194E-2	3,578E-2
4,062	0,180	7,710E-2	3,067E-2	1,533E-2
4,095	0,181	7,702E-2	2,428E-2	-1,917E-2
4,128	0,182	7,583E-2	1,661E-2	-3,961E-2
4,162	0,182	7,438E-2	-2,555E-3	-4,472E-2
4,195	0,182	7,285E-2	-1,661E-2	-4,089E-2
4,228	0,181	7,166E-2	-2,811E-2	-2,555E-2
4,261	0,180	7,115E-2	-3,322E-2	-2,555E-3
4,295	0,179	7,149E-2	-2,939E-2	1,917E-2
4,328	0,178	7,242E-2	-1,789E-2	3,833E-2
4,361	0,177	7,404E-2	5,102E-3	4,720E-2
4,395	0,178	7,557E-2	2,806E-2	4,209E-2
4,428	0,179	7,685E-2	3,833E-2	2,683E-2
4,461	0,181	7,736E-2	3,961E-2	-3,833E-3
4,494	0,182	7,659E-2	2,683E-2	-3,961E-2
4,528	0,182	7,472E-2	5,111E-3	-4,472E-2
4,561	0,182	7,361E-2	-1,533E-2	-3,322E-2
4,594	0,181	7,251E-2	-3,833E-2	-2,555E-2
4,628	0,180	7,191E-2	-5,239E-2	-1,022E-2
4,661	0,178	7,183E-2	-4,472E-2	6,389E-3
4,694	0,177	7,234E-2	-2,300E-2	2,811E-2
4,728	0,176	7,370E-2	2,555E-3	4,472E-2
4,761	0,177	7,532E-2	3,322E-2	4,089E-2
4,794	0,179	7,642E-2	5,877E-2	2,811E-2
4,827	0,181	7,719E-2	4,600E-2	1,405E-2
4,861	0,182	7,736E-2	2,428E-2	-2,172E-2
4,894	0,182	7,574E-2	-1,150E-2	-4,728E-2
4,927	0,181	7,421E-2	-4,089E-2	-3,705E-2
4,961	0,180	7,327E-2	-3,450E-2	-2,555E-2
4,994	0,179	7,251E-2	-3,450E-2	-1,917E-2
5,027	0,177	7,200E-2	-2,296E-2	-1,403E-2
5,060	0,177	7,157E-2	8,929E-3	-5,102E-3
5,094	0,178	7,166E-2	3,705E-2	2,172E-2
5,127	0,179	7,302E-2	3,450E-2	3,705E-2
5,160	0,180	7,413E-2	2,683E-2	2,811E-2
5,194	0,181	7,489E-2	1,789E-2	1,278E-2
5,227	0,182	7,498E-2	1,278E-3	6,389E-3
5,260	0,181	7,532E-2	-1,661E-2	1,278E-3
5,294	0,180	7,506E-2	-2,811E-2	-1,533E-2
5,327	0,179	7,430E-2	-3,322E-2	-2,683E-2
5,360	0,178	7,327E-2	-2,939E-2	-3,194E-2
5,393	0,178	7,217E-2	-1,022E-2	-1,661E-2
5,427	0,178	7,217E-2	5,111E-3	7,666E-3
5,460	0,178	7,268E-2	2,044E-2	1,789E-2
5,493	0,179	7,336E-2	2,939E-2	2,428E-2
5,527	0,180	7,430E-2	2,683E-2	2,683E-2
5,560	0,181	7,515E-2	1,789E-2	2,044E-2
5,593	0,181	7,566E-2	6,389E-3	1,022E-2
5,626	0,181	7,583E-2	-7,666E-3	6,389E-3
5,660	0,180	7,608E-2	-2,172E-2	-1,022E-2
5,693	0,180	7,515E-2	-2,172E-2	-2,939E-2
5,726	0,179	7,413E-2	-2,300E-2	-2,683E-2
5,760	0,178	7,336E-2	-1,917E-2	-2,683E-2
5,793	0,178	7,234E-2	1,278E-3	-2,555E-2
5,826	0,178	7,166E-2	1,533E-2	-2,555E-3
5,859	0,179	7,217E-2	2,300E-2	2,939E-2
5,893	0,180	7,361E-2	2,172E-2	3,194E-2
5,926	0,180	7,430E-2	6,389E-3	2,683E-2
5,959	0,180	7,540E-2	-2,555E-3	2,300E-2
5,993	0,180	7,583E-2	-3,833E-3	8,944E-3
6,026	0,180	7,600E-2		
